1 & 2 Family,Commercial & Office,Industrial & Manufacturing,Mixed Res. & Commercial,Multifamily Elevator,Multifamily Walk-up,Open Space & Outdoor Recreation,Other,Parking Facilities,Public Facilities & Institutions,Transportation & Utility,Vacant Land,boroCD
0.0013,0.2191,0.0075,0.1107,0.0493,0.0048,0.0375,0.15460000000000002,0.0075,0.2871,0.10550000000000001,0.0151,101
0.0379,0.1585,0.0356,0.2329,0.1325,0.0946,0.0304,0.0019,0.018500000000000003,0.0859,0.1348,0.0364,102
0.0029,0.0364,0.011699999999999999,0.2475,0.2413,0.0833,0.1609,0.0014000000000000002,0.0129,0.10529999999999999,0.0417,0.0547,103
0.006999999999999999,0.1356,0.0347,0.15789999999999998,0.1234,0.0687,0.0212,0.0027,0.0342,0.0916,0.2583,0.06480000000000001,104
0.0009,0.6420999999999999,0.0255,0.1354,0.0516,0.0074,0.024,0.0005,0.012,0.0564,0.0315,0.0126,105
0.016399999999999998,0.14029999999999998,0.0008,0.3381,0.1672,0.050300000000000004,0.0347,0.0023,0.006999999999999999,0.1697,0.0509,0.0223,106
0.022000000000000002,0.039,0.0009,0.19010000000000002,0.2608,0.11720000000000001,0.1865,0.0001,0.0039000000000000003,0.1092,0.0279,0.0424,107
0.0541,0.0406,0.0038,0.22519999999999998,0.3722,0.0917,0.0368,0.0019,0.0066,0.1274,0.021400000000000002,0.0183,108
0.021400000000000002,0.0233,0.0067,0.0771,0.1663,0.0946,0.309,0.0001,0.009300000000000001,0.2066,0.047599999999999996,0.0381,109
0.0381,0.049,0.006999999999999999,0.2274,0.2186,0.2054,0.0565,0.0011,0.008100000000000001,0.1454,0.005699999999999999,0.0375,110
0.003,0.0199,0.0055000000000000005,0.0645,0.17629999999999998,0.0447,0.44409999999999994,0.001,0.0149,0.09849999999999999,0.0842,0.0433,111
0.0049,0.0287,0.0042,0.09570000000000001,0.1115,0.0897,0.4968,0.0015,0.0181,0.08560000000000001,0.0361,0.0273,112
0.0594,0.049800000000000004,0.17980000000000002,0.0704,0.14400000000000002,0.0768,0.06309999999999999,0.0337,0.0559,0.1067,0.1273,0.0332,201
0.0393,0.027200000000000002,0.20670000000000002,0.0317,0.029900000000000003,0.0567,0.07150000000000001,0.1709,0.0369,0.045599999999999995,0.1766,0.1069,202
0.1066,0.061200000000000004,0.0681,0.091,0.13,0.126,0.2032,0.009399999999999999,0.0405,0.1251,0.011000000000000001,0.0279,203
0.0471,0.071,0.0319,0.09519999999999999,0.1524,0.1245,0.1858,0.0086,0.0666,0.1242,0.06,0.0327,204
0.1211,0.0689,0.015,0.1404,0.17809999999999998,0.16440000000000002,0.0874,0.002,0.0269,0.1508,0.0178,0.027200000000000002,205
0.1085,0.07440000000000001,0.0305,0.08070000000000001,0.1001,0.16260000000000002,0.0632,0.0038,0.0611,0.25170000000000003,0.0294,0.034,206
0.10679999999999999,0.0633,0.0096,0.08410000000000001,0.1555,0.157,0.0794,0.0022,0.0268,0.2409,0.030299999999999997,0.044199999999999996,207
0.2364,0.0281,0.0043,0.0202,0.15789999999999998,0.038900000000000004,0.15710000000000002,0.0011,0.009899999999999999,0.1629,0.020099999999999996,0.1631,208
0.209,0.0541,0.0382,0.0302,0.18239999999999998,0.1383,0.1866,0.0026,0.038599999999999995,0.061399999999999996,0.009399999999999999,0.0492,209
0.3063,0.0739,0.0166,0.016200000000000003,0.0733,0.063,0.1398,0.0105,0.0195,0.1281,0.0034999999999999996,0.1492,210
0.4239,0.07780000000000001,0.022000000000000002,0.0436,0.0886,0.0928,0.0075,0.005,0.0212,0.17800000000000002,0.0171,0.0225,211
0.3821,0.0409,0.0321,0.019299999999999998,0.0584,0.1184,0.2082,0.0026,0.022000000000000002,0.0655,0.021400000000000002,0.029300000000000003,212
0.0525,0.0436,0.2438,0.1056,0.0753,0.1754,0.053399999999999996,0.0342,0.0337,0.052000000000000005,0.0909,0.039599999999999996,301
0.0861,0.07150000000000001,0.0329,0.106,0.1035,0.1297,0.092,0.0029,0.0219,0.1517,0.172,0.0298,302
0.2412,0.0285,0.031200000000000002,0.084,0.1202,0.27190000000000003,0.0335,0.0033,0.0209,0.11960000000000001,0.005699999999999999,0.04,303
0.2069,0.0374,0.0482,0.08259999999999999,0.0308,0.2901,0.15810000000000002,0.0058,0.0225,0.08689999999999999,0.014199999999999999,0.0166,304
0.2623,0.0366,0.0677,0.0513,0.09369999999999999,0.11359999999999999,0.1308,0.0068000000000000005,0.0653,0.0733,0.0369,0.0616,305
0.1307,0.0701,0.18760000000000002,0.06480000000000001,0.0626,0.20629999999999998,0.0591,0.0322,0.044199999999999996,0.049800000000000004,0.053,0.039599999999999996,306
0.16079999999999997,0.0292,0.1251,0.0446,0.0141,0.1128,0.2824,0.0044,0.013600000000000001,0.0371,0.15869999999999998,0.0173,307
0.193,0.0248,0.0296,0.0898,0.1257,0.3184,0.0541,0.003,0.0262,0.09939999999999999,0.014199999999999999,0.0218,308
0.33399999999999996,0.0336,0.01,0.0941,0.1152,0.1555,0.0171,0.0006,0.019,0.20120000000000002,0.0069,0.0129,309
0.3306,0.024399999999999998,0.0031,0.0504,0.036699999999999997,0.0904,0.2994,0.0003,0.009300000000000001,0.1411,0.011899999999999999,0.0025,310
0.43090000000000006,0.0602,0.0259,0.0644,0.0323,0.2657,0.028999999999999998,0.0014000000000000002,0.013600000000000001,0.041100000000000005,0.023799999999999998,0.011699999999999999,311
0.4086,0.0403,0.0215,0.0757,0.053399999999999996,0.2256,0.056299999999999996,0.0018,0.0148,0.071,0.0148,0.016200000000000003,312
0.12050000000000001,0.0345,0.0092,0.0412,0.16010000000000002,0.0652,0.3856,0.0052,0.0232,0.0676,0.0105,0.07730000000000001,313
0.4792,0.045899999999999996,0.0025,0.059500000000000004,0.1476,0.09910000000000001,0.0369,0.0007000000000000001,0.0102,0.085,0.0245,0.009000000000000001,314
0.5069,0.0572,0.0048,0.0418,0.09939999999999999,0.0809,0.0255,0.0049,0.008199999999999999,0.0823,0.0246,0.0634,315
0.22399999999999998,0.0349,0.04019999999999999,0.0592,0.1663,0.2029,0.054000000000000006,0.008100000000000001,0.0282,0.0943,0.048799999999999996,0.0391,316
0.44520000000000004,0.037200000000000004,0.0334,0.0542,0.0575,0.185,0.0572,0.0058,0.025099999999999997,0.07150000000000001,0.018600000000000002,0.0095,317
0.3766,0.042,0.0246,0.0111,0.0264,0.0452,0.386,0.0059,0.0155,0.030699999999999998,0.013500000000000002,0.0226,318
0.163,0.0669,0.08929999999999999,0.0525,0.06860000000000001,0.16570000000000001,0.0709,0.0039000000000000003,0.028999999999999998,0.1916,0.0754,0.0232,401
0.12050000000000001,0.0512,0.2666,0.0341,0.0554,0.0875,0.1585,0.015,0.0649,0.04019999999999999,0.0662,0.039900000000000005,402
0.4384,0.10279999999999999,0.0060999999999999995,0.0467,0.0955,0.1865,0.0189,0.0011,0.0219,0.06509999999999999,0.0040999999999999995,0.013000000000000001,403
0.2808,0.0704,0.020499999999999997,0.0746,0.1119,0.2863,0.0275,0.0006,0.019299999999999998,0.0695,0.025,0.013600000000000001,404
0.3147,0.0296,0.09570000000000001,0.029900000000000003,0.0049,0.0999,0.3538,0.005600000000000001,0.0163,0.023799999999999998,0.0175,0.0084,405
0.48450000000000004,0.0719,0.0018,0.059000000000000004,0.1935,0.0513,0.0199,0.0003,0.0076,0.064,0.0336,0.0128,406
0.3165,0.0408,0.038,0.021099999999999997,0.0405,0.0579,0.10289999999999999,0.0042,0.0149,0.0519,0.0111,0.3003,407
0.4254,0.0305,0.0006,0.0121,0.0724,0.1485,0.18760000000000002,0.0002,0.003,0.1096,0.0033,0.0068000000000000005,408
0.599,0.0458,0.03,0.049699999999999994,0.0335,0.1108,0.0217,0.0011,0.0155,0.047599999999999996,0.0347,0.0106,409
0.5461,0.030600000000000002,0.005699999999999999,0.0167,0.011899999999999999,0.0501,0.1435,0.0013,0.0098,0.025099999999999997,0.011399999999999999,0.1478,410
0.5462,0.03,0.002,0.0089,0.0166,0.1039,0.2144,0.0009,0.004699999999999999,0.05,0.0027,0.0196,411
0.6077,0.0404,0.0362,0.0199,0.0466,0.0298,0.06480000000000001,0.0055000000000000005,0.023799999999999998,0.07339999999999999,0.0288,0.0232,412
0.6177,0.027000000000000003,0.0218,0.0076,0.0192,0.0536,0.1325,0.001,0.0111,0.0814,0.0105,0.0165,413
0.3031,0.0169,0.005600000000000001,0.006,0.0659,0.0325,0.3864,0.0042,0.0069,0.0433,0.0181,0.11109999999999999,414
0.4307,0.053099999999999994,0.034300000000000004,0.014199999999999999,0.021400000000000002,0.042300000000000004,0.1521,0.0066,0.0144,0.0636,0.0787,0.0885,501
0.2952,0.0513,0.0128,0.004,0.0078000000000000005,0.025699999999999997,0.2551,0.0031,0.0039000000000000003,0.09179999999999999,0.0698,0.1795,502
0.3918,0.0248,0.0275,0.0038,0.0018,0.0128,0.23879999999999998,0.0066,0.01,0.0536,0.0493,0.1793,503
